2712
2736
2721
2708
2723
2743
2569
2712
2720
2738
2713
2728
2721
2718
2748
2723
2733
2715
2707
2719
2714
2709
2700
2725
2713
2735
2732
2699
2709
2727
2701
2718
2708
2673
2733
2678
2537
2702
2707
2689
2706
2723
2707
2721
2710
2720
2692
2707
2727
2702
2728
2726
2699
2709
2718
2729
2716
2711
2703
2703
2714
2701
2745
2812
2689
2696
2727
2777
2714
2698
2728
2706
2692
2700
2706
2726
2709
2710
2730
2692
2714
2720
2699
2694
2688
2716
2716
2739
2726
2723
2686
2685
2703
2729
2717
2718
2827
2705
2728
2713
2700
2741
2707
2726
2705
2680
2714
2689
2669
2719
2707
2697
2702
2663
2707
2691
2686
2721
2692
2714
2718
2678
2686
2713
2707
2714
2692
2714
2738
2702
2730
2714
2699
2729
2713
2688
2710
2714
2699
2693
2721
2680
2684
2688
2694
2682
2699
2707
2715
2698
2689
2696
2709
2727
2810
2685
2700
2707
2703
2677
2688
2736
2713
2678
2710
2688
2712
2714
2704
2692
2714
2703
2728
2677
2753
2696
2711
2729
2704
2687
2683
2714
2690
2670
2693
2691
2692
2689
2670
2707
2697
2730
2729
2698
2695
2654
2692
2720
2680
2691
2703
2694
2705
2714
2692
2701
2707
2704
2696
2696
2701
2724
2677
2699
2667
2706
2691
2699
2673
2707
2692
2685
2697
2679
2669
2688
2690
2687
2720
2686
2697
2712
2697
2653
2707
2672
2685
2689
2717
2680
2692
2694
2703
2688
2660
2666
2678
2683
2679
2761
2695
2707
2673
2674
2692
2707
2700
2696
2679
2675
2678
2707
2670
2696
2700
2720
2683
2701
2679
2703
2685
2708
2684
2710
2717
2672
2692
2709
2699
2707
2703
2706
2700
2727
2724
2730
2728
2707
2682
2698
2719
2739
2725
2729
2725
2724
2743
2739
2729
2758
2724
2729
2723
2743
2752
2752
2756
2736
2752
2766
2728
2713
2740
2744
2750
2779
2733
2758
2769
2748
2770
2734
2720
2770
2759
2725
2773
2761
2754
2730
2744
2768
2768
2750
2759
2756
2757
2763
2765
2762
2754
2756
2744
2756
2762
2744
2770
2762
2711
2734
2758
2768
2773
2750
2771
2739
2866
2768
2760
2744
2779
2749
2752
2763
2762
2769
2761
2637
2751
2760
2694
2765
2769
2750
2773
2732
2686
2755
2740
2729
2745
2723
2770
2734
2769
2742
2740
2760
2774
2765
2749
2765
2753
2743
2777
2755
2763
2723
2731
2764
2746
2745
2748
2750
2746
2762
2770
2739
2735
2796
2752
2744
2764
2743
2730
2734
2772
2698
2739
2713
2742
2742
2730
2738
2736
2740
2749
2733
2738
2755
2800
2749
2742
2751
2736
2736
2727
2719
2750
2737
2722
2743
2744
2750
2752
2726
2728
2745
2753
2765
2731
2737
2747
2750
2807
2755
2706
2767
2757
2744
2682
2734
2727
2742
2774
2714
2750
2621
2749
2749
2720
2728
2724
2722
2707
2737
2707
2716
2701
2747
2722
2730
2745
2724
2761
2688
2739
2728
2728
2725
2730
2715
2720
2661
2667
2741
2736
2721
2730
2729
2713
2738
2745
2722
2720
2721
2723
2713
2722
2734
2711
2705
2714
2707
2712
2738
2700
2701
2731
2735
2702
2811
2713
2707
2700
2721
2720
2802
2690
2721
2715
2727
2707
2710
2734
2743
2714
2702
2727
2757
2736
2722
2719
2733
2720
2732
2701
2723
2772
2738
2738
2743
2743
2750
2845
2707
2756
2765
2840
2738
2737
2757
2774
2769
2777
2725
2741
2743
2777
2756
2720
2742
2744
2757
2774
2769
2759
2742
2754
2755
2762
2720
2756
2751
2764
2877
2758
2734
2734
2749
2766
2786
2755
2734
2730
2707
2758
2769
2745
2749
2743
2741
2752
2749
2758
2763
2755
2729
2744
2735
2750
2548
2742
2756
2749
2749
2743
2740
2742
2726
2736
2728
2713
2724
2721
2720
2731
2720
2728
2721
2730
2714
2714
2745
2729
2758
2710
2742
2742
2753
2737
2744
2724
2749
2741
2738
2721
2711
2740
2735
2741
2705
2716
2685
2727
2674
2734
2726
2707
2706
2732
2717
2707
2697
2736
2740
2685
2707
2714
2741
2677
2721
2729
2703
2707
2710
2723
2714
2692
2707
2691
2698
2696
2696
2714
2703
2685
2757
2706
2690
2688
2729
2671
2730
2685
2720
2717
2712
2714
2703
2715
2700
2690
2721
2709
2692
2703
2707
2699
2700
2721
2688
2678
2697
2725
2717
2711
2692
2689
2608
2707
2656
2691
2505
2678
2709
2721
2698
2712
2699
2688
2726
2699
2686
2705
2684
2702
2679
2685
2688
2699
2716
2678
2689
2694
2696
2685
2683
2687
2692
2688
2670
2692
2817
2673
2692
2580
2679
2699
2674
2697
2699
2677
2721
2676
2686
2699
2685
2688
2677
2700
2685
2692
2715
2706
2692
2685
2678
2665
2673
2552
2660
2677
2582
2698
2671
2667
2662
2670
2677
2707
2714
2678
2700
2664
2692
2699
2648
2712
2671
2720
2689
2701
2660
2683
2716
2692
2699
2693
2722
2705
2700
2718
2683
2716
2696
2699
2713
2728
2727
2698
2707
2714
2726
2721
2743
2734
2714
2689
2749
2738
2744
2718
2710
2748
2738
2720
2763
2732
2714
2714
2736
2715
2757
2752
2726
2738
2743
2733
2735
2746
2725
2723
2768
2758
2772
2758
2768
2763
2740
2770
2772
2745
2762
2747
2772
2772
2779
2763
2741
2744
2771
2755
2736
2744
2753
2756
2749
2780
2777
2775
2777
2778
2781
2775
2760
2781
2766
2754
2751
2767
2547
2783
2763
2840
2735
2769
2757
2565
2776
2766
2767
2738
2750
2756
2757
2752
2766
2755
2778
2753
2754
2746
2766
2753
2752
2754
2755
2743
2741
2736
2845
2780
2770
2787
2742
2729
2734
2829
2756
2753
2738
2743
2751
2749
2773
2699
2766
2765
2720
2750
2770
2751
2704
2756
2771
2770
2757
2772
2762
2733
2729
2730
2763
2760
2754
2757
2750
2765
2759
2769
2768
2742
2730
2762
2742
2779
2756
2751
2798
2750
2752
2740
2751
2755
2779
2756
2751
2761
2689
2757
2747
2829
2731
2741
2747
2737
2741
2742
2733
2714
2711
2748
2765
2714
2728
2725
2747
2747
2721
2742
2744
2734
2752
2741
2728
2720
2709
2721
2728
2718
2717
2741
2719
2730
2724
2763
2737
2724
2728
2739
2733
2728
2752
2741
2742
2739
2734
2721
2758
2745
2734
2678
2742
2732
2877
2741
2760
2712
2750
2735
2728
2739
2734
2754
2734
2730
2720
2721
2741
2741
2729
2728
2739
2717
2538
2761
2729
2703
2723